xof 0303txt 0032

template XSkinMeshHeader {
  <3cf169ce-ff7c-44ab-93c0-f78f62d172e2>
  WORD nMaxSkinWeightsPerVertex;
  WORD nMaxSkinWeightsPerFace;
  WORD nBones;
}

template SkinWeights {
  <6f0d123b-bad2-4167-a0d0-80224f25fabb>
  STRING transformNodeName;
  DWORD nWeights;
  array DWORD vertexIndices[nWeights];
  array float weights[nWeights];
  Matrix4x4 matrixOffset;
}

Frame Knochen {
  FrameTransformMatrix {
    -1.000000,-0.000000,-0.000000,0.000000,
    -0.000000,0.000000,1.000000,0.000000,
    0.000000,1.000000,-0.000000,0.000000,
    0.000000,-0.000000,-0.821314,1.000000;;
  }
  Frame Knochen_MASTER {
    FrameTransformMatrix {
      1.000000,0.000000,-0.000000,0.000000,
      0.000000,0.977290,0.211905,0.000000,
      0.000000,-0.211905,0.977290,0.000000,
      0.000000,0.000000,0.000000,1.000000,
    }
    Frame Knochen_Bone_001 {
      FrameTransformMatrix {
        1.000000,0.000000,0.000000,0.000000,
        -0.000000,0.211905,0.977290,0.000000,
        -0.000000,-0.977290,0.211905,0.000000,
        0.000000,0.848462,-0.000000,1.000000,
      }
      Frame Knochen_Bone_002 {
        FrameTransformMatrix {
          0.500000,0.000000,0.866025,0.000000,
          -0.000000,1.000000,-0.000000,0.000000,
          -0.866025,-0.000000,0.500000,0.000000,
          -0.000000,0.048202,-0.000000,1.000000,
        }
        Frame Knochen_Bone_003 {
          FrameTransformMatrix {
            1.000000,0.000000,-0.000000,0.000000,
            0.000000,1.000000,0.000000,0.000000,
            0.000000,0.000000,1.000000,0.000000,
            -0.000000,0.039164,-0.000000,1.000000,
          }
          Frame Knochen_Bone_004 {
            FrameTransformMatrix {
              1.000000,0.000000,-0.000000,0.000000,
              0.000000,1.000000,0.000000,0.000000,
              0.000000,0.000000,1.000000,0.000000,
              -0.000000,0.030126,-0.000000,1.000000,
            }
            Frame Knochen_Bone_005 {
              FrameTransformMatrix {
                1.000000,0.000000,-0.000000,0.000000,
                0.000000,1.000000,0.000000,0.000000,
                0.000000,0.000000,1.000000,0.000000,
                -0.000000,0.027114,-0.000000,1.000000,
              }
            } //End of Knochen_Bone_005
          } //End of Knochen_Bone_004
          Frame Knochen_Bone_003_L {
            FrameTransformMatrix {
              -0.000000,1.000000,-0.000000,0.000000,
              -0.409985,0.000000,0.912092,0.000000,
              0.912092,0.000000,0.409985,0.000000,
              -0.000000,0.030126,-0.000000,1.000000,
            }
            Frame Knochen_Bone_003_L_001 {
              FrameTransformMatrix {
                0.748215,0.660065,-0.067002,0.000000,
                -0.663457,0.744389,-0.075561,0.000000,
                0.000000,0.100989,0.994888,0.000000,
                0.000000,0.039030,0.000000,1.000000,
              }
              Frame Knochen_Bone_003_L_002 {
                FrameTransformMatrix {
                  0.741370,0.516791,-0.428133,0.000000,
                  -0.604894,0.790880,-0.092800,0.000000,
                  0.290644,0.327774,0.898939,0.000000,
                  0.000000,0.046462,0.000000,1.000000,
                }
                Frame Knochen_Bone_003_L_003 {
                  FrameTransformMatrix {
                    0.720250,-0.060637,-0.691059,0.000000,
                    -0.060637,0.986856,-0.149791,0.000000,
                    0.691059,0.149791,0.707107,0.000000,
                    0.000000,0.047562,0.000000,1.000000,
                  }
                  Frame Knochen_Bone_003_L_004 {
                    FrameTransformMatrix {
                      -0.015654,-0.499755,0.866025,0.000000,
                      0.999510,-0.031308,0.000000,0.000000,
                      0.027114,0.865601,0.500000,0.000000,
                      -0.000000,0.029262,0.000000,1.000000,
                    }
                  } //End of Knochen_Bone_003_L_004
                  Frame Knochen_Bone_003_L_005 {
                    FrameTransformMatrix {
                      0.942113,-0.335295,0.000000,0.000000,
                      0.335295,0.942113,0.000000,0.000000,
                      -0.000000,0.000000,1.000000,0.000000,
                      -0.000000,0.029262,0.000000,1.000000,
                    }
                    Frame Knochen_Bone_003_L_006 {
                      FrameTransformMatrix {
                        0.942113,0.335295,-0.000000,0.000000,
                        -0.000000,-0.000000,-1.000000,0.000000,
                        -0.335295,0.942113,-0.000000,0.000000,
                        0.000000,0.024133,0.000000,1.000000,
                      }
                      Frame Knochen_Bone_003_L_013 {
                        FrameTransformMatrix {
                          1.000000,0.000000,0.000000,0.000000,
                          -0.000000,-0.000000,-1.000000,0.000000,
                          -0.000000,1.000000,-0.000000,0.000000,
                          0.000000,0.013790,0.000000,1.000000,
                        }
                      } //End of Knochen_Bone_003_L_013
                    } //End of Knochen_Bone_003_L_006
                  } //End of Knochen_Bone_003_L_005
                  Frame Knochen_Bone_003_L_007 {
                    FrameTransformMatrix {
                      0.998785,0.049280,0.000000,0.000000,
                      -0.049280,0.998785,-0.000000,0.000000,
                      0.000000,0.000000,1.000000,0.000000,
                      -0.000000,0.029262,0.000000,1.000000,
                    }
                    Frame Knochen_Bone_003_L_008 {
                      FrameTransformMatrix {
                        0.998785,-0.049279,0.000000,0.000000,
                        0.000000,-0.000000,-1.000000,0.000000,
                        0.049279,0.998785,-0.000000,0.000000,
                        -0.000000,0.022212,-0.000000,1.000000,
                      }
                      Frame Knochen_Bone_003_L_014 {
                        FrameTransformMatrix {
                          1.000000,0.000000,0.000000,0.000000,
                          0.000000,-0.000000,-1.000000,0.000000,
                          -0.000000,1.000000,-0.000000,0.000000,
                          0.000000,0.014488,0.000000,1.000000,
                        }
                      } //End of Knochen_Bone_003_L_014
                    } //End of Knochen_Bone_003_L_008
                  } //End of Knochen_Bone_003_L_007
                  Frame Knochen_Bone_003_L_009 {
                    FrameTransformMatrix {
                      0.903628,0.428318,-0.000000,0.000000,
                      -0.428318,0.903628,0.000000,0.000000,
                      -0.000000,-0.000000,1.000000,0.000000,
                      -0.000000,0.029262,0.000000,1.000000,
                    }
                    Frame Knochen_Bone_003_L_010 {
                      FrameTransformMatrix {
                        0.903628,-0.428318,0.000000,0.000000,
                        0.000000,-0.000000,-1.000000,0.000000,
                        0.428318,0.903628,-0.000000,0.000000,
                        -0.000000,0.024042,-0.000000,1.000000,
                      }
                      Frame Knochen_Bone_003_L_015 {
                        FrameTransformMatrix {
                          1.000000,0.000000,0.000000,0.000000,
                          0.000000,-0.000000,-1.000000,0.000000,
                          -0.000000,1.000000,-0.000000,0.000000,
                          0.000000,0.014770,-0.000000,1.000000,
                        }
                      } //End of Knochen_Bone_003_L_015
                    } //End of Knochen_Bone_003_L_010
                  } //End of Knochen_Bone_003_L_009
                  Frame Knochen_Bone_003_L_011 {
                    FrameTransformMatrix {
                      0.778731,0.627358,-0.000000,0.000000,
                      -0.627358,0.778731,0.000000,0.000000,
                      0.000000,0.000000,1.000000,0.000000,
                      -0.000000,0.029262,0.000000,1.000000,
                    }
                    Frame Knochen_Bone_003_L_012 {
                      FrameTransformMatrix {
                        0.778731,-0.627358,0.000000,0.000000,
                        0.000000,-0.000000,-1.000000,0.000000,
                        0.627358,0.778731,-0.000000,0.000000,
                        -0.000000,0.028385,-0.000000,1.000000,
                      }
                      Frame Knochen_Bone_003_L_016 {
                        FrameTransformMatrix {
                          1.000000,0.000000,0.000000,0.000000,
                          0.000000,-0.000000,-1.000000,0.000000,
                          -0.000000,1.000000,-0.000000,0.000000,
                          -0.000000,0.014407,-0.000000,1.000000,
                        }
                      } //End of Knochen_Bone_003_L_016
                    } //End of Knochen_Bone_003_L_012
                  } //End of Knochen_Bone_003_L_011
                } //End of Knochen_Bone_003_L_003
              } //End of Knochen_Bone_003_L_002
            } //End of Knochen_Bone_003_L_001
          } //End of Knochen_Bone_003_L
          Frame Knochen_Bone_003_R {
            FrameTransformMatrix {
              -0.081912,-0.994888,-0.059069,0.000000,
              0.584903,-0.000000,-0.811104,0.000000,
              0.806957,-0.100989,0.581913,0.000000,
              -0.000000,0.030126,-0.000000,1.000000,
            }
            Frame Knochen_Bone_003_R_001 {
              FrameTransformMatrix {
                0.784637,-0.603653,0.141237,0.000000,
                0.611760,0.790825,-0.018589,0.000000,
                -0.100473,0.100989,0.989801,0.000000,
                -0.000000,0.039030,0.000000,1.000000,
              }
              Frame Knochen_Bone_003_R_002 {
                FrameTransformMatrix {
                  0.553378,-0.440197,0.707107,0.000000,
                  0.622532,0.782594,-0.000000,0.000000,
                  -0.553378,0.440197,0.707107,0.000000,
                  0.000000,0.046462,-0.000000,1.000000,
                }
                Frame Knochen_Bone_003_R_003 {
                  FrameTransformMatrix {
                    0.707107,0.000000,0.707107,0.000000,
                    0.218171,0.951211,-0.218171,0.000000,
                    -0.672608,0.308540,0.672608,0.000000,
                    -0.000000,0.047562,0.000000,1.000000,
                  }
                  Frame Knochen_Bone_003_R_004 {
                    FrameTransformMatrix {
                      -0.223671,0.447181,-0.866025,0.000000,
                      -0.894363,-0.447342,0.000000,0.000000,
                      -0.387410,0.774541,0.500000,0.000000,
                      0.000000,0.029262,-0.000000,1.000000,
                    }
                  } //End of Knochen_Bone_003_R_004
                  Frame Knochen_Bone_003_R_005 {
                    FrameTransformMatrix {
                      0.942113,0.335295,0.000000,0.000000,
                      -0.335295,0.942113,0.000000,0.000000,
                      0.000000,-0.000000,1.000000,0.000000,
                      0.000000,0.029262,-0.000000,1.000000,
                    }
                    Frame Knochen_Bone_003_R_006 {
                      FrameTransformMatrix {
                        0.942113,-0.335295,-0.000000,0.000000,
                        0.335295,0.942113,0.000000,0.000000,
                        -0.000000,0.000000,1.000000,0.000000,
                        0.000000,0.024133,-0.000000,1.000000,
                      }
                      Frame Knochen_Bone_003_R_013 {
                        FrameTransformMatrix {
                          1.000000,0.000000,0.000000,0.000000,
                          -0.000000,1.000000,-0.000000,0.000000,
                          0.000000,-0.000000,1.000000,0.000000,
                          0.000000,0.013790,-0.000000,1.000000,
                        }
                      } //End of Knochen_Bone_003_R_013
                    } //End of Knochen_Bone_003_R_006
                  } //End of Knochen_Bone_003_R_005
                  Frame Knochen_Bone_003_R_007 {
                    FrameTransformMatrix {
                      0.998785,-0.049280,-0.000000,0.000000,
                      0.049280,0.998785,0.000000,0.000000,
                      0.000000,0.000000,1.000000,0.000000,
                      0.000000,0.029262,-0.000000,1.000000,
                    }
                    Frame Knochen_Bone_003_R_008 {
                      FrameTransformMatrix {
                        0.998785,0.049280,-0.000000,0.000000,
                        -0.049280,0.998785,0.000000,0.000000,
                        -0.000000,-0.000000,1.000000,0.000000,
                        -0.000000,0.022212,-0.000000,1.000000,
                      }
                      Frame Knochen_Bone_003_R_014 {
                        FrameTransformMatrix {
                          1.000000,-0.000000,-0.000000,0.000000,
                          0.000000,1.000000,0.000000,0.000000,
                          0.000000,0.000000,1.000000,0.000000,
                          0.000000,0.014488,-0.000000,1.000000,
                        }
                      } //End of Knochen_Bone_003_R_014
                    } //End of Knochen_Bone_003_R_008
                  } //End of Knochen_Bone_003_R_007
                  Frame Knochen_Bone_003_R_009 {
                    FrameTransformMatrix {
                      0.903628,-0.428318,-0.000000,0.000000,
                      0.428318,0.903628,0.000000,0.000000,
                      -0.000000,-0.000000,1.000000,0.000000,
                      0.000000,0.029262,-0.000000,1.000000,
                    }
                    Frame Knochen_Bone_003_R_010 {
                      FrameTransformMatrix {
                        0.903628,0.428318,-0.000000,0.000000,
                        -0.428318,0.903628,0.000000,0.000000,
                        0.000000,-0.000000,1.000000,0.000000,
                        0.000000,0.024042,0.000000,1.000000,
                      }
                      Frame Knochen_Bone_003_R_015 {
                        FrameTransformMatrix {
                          1.000000,-0.000000,-0.000000,0.000000,
                          0.000000,1.000000,0.000000,0.000000,
                          0.000000,0.000000,1.000000,0.000000,
                          0.000000,0.014770,-0.000000,1.000000,
                        }
                      } //End of Knochen_Bone_003_R_015
                    } //End of Knochen_Bone_003_R_010
                  } //End of Knochen_Bone_003_R_009
                  Frame Knochen_Bone_003_R_011 {
                    FrameTransformMatrix {
                      0.778731,-0.627358,-0.000000,0.000000,
                      0.627358,0.778731,0.000000,0.000000,
                      -0.000000,-0.000000,1.000000,0.000000,
                      0.000000,0.029262,-0.000000,1.000000,
                    }
                    Frame Knochen_Bone_003_R_012 {
                      FrameTransformMatrix {
                        0.778731,0.627359,-0.000000,0.000000,
                        -0.627359,0.778731,0.000000,0.000000,
                        0.000000,-0.000000,1.000000,0.000000,
                        0.000000,0.028385,-0.000000,1.000000,
                      }
                      Frame Knochen_Bone_003_R_016 {
                        FrameTransformMatrix {
                          1.000000,-0.000000,-0.000000,0.000000,
                          0.000000,1.000000,0.000000,0.000000,
                          0.000000,0.000000,1.000000,0.000000,
                          -0.000000,0.014407,-0.000000,1.000000,
                        }
                      } //End of Knochen_Bone_003_R_016
                    } //End of Knochen_Bone_003_R_012
                  } //End of Knochen_Bone_003_R_011
                } //End of Knochen_Bone_003_R_003
              } //End of Knochen_Bone_003_R_002
            } //End of Knochen_Bone_003_R_001
          } //End of Knochen_Bone_003_R
        } //End of Knochen_Bone_003
      } //End of Knochen_Bone_002
    } //End of Knochen_Bone_001
    Frame Knochen_Bone_L {
      FrameTransformMatrix {
        -0.707107,-0.149839,-0.691049,0.000000,
        0.707107,-0.149839,-0.691049,0.000000,
        -0.000000,-0.977290,0.211905,0.000000,
        0.000000,0.848462,-0.000000,1.000000,
      }
      Frame Knochen_Bone_L_001 {
        FrameTransformMatrix {
          0.881162,-0.472815,0.000000,0.000000,
          0.472815,0.881162,0.000000,0.000000,
          -0.000000,-0.000000,1.000000,0.000000,
          -0.000000,0.054907,-0.000000,1.000000,
        }
        Frame Knochen_Bone_L_002 {
          FrameTransformMatrix {
            0.994502,-0.104722,0.000000,0.000000,
            0.104722,0.994501,0.000000,0.000000,
            -0.000000,0.000000,1.000000,0.000000,
            0.000000,0.052138,-0.000000,1.000000,
          }
          Frame Knochen_Bone_L_003 {
            FrameTransformMatrix {
              0.982380,-0.186896,0.000000,0.000000,
              -0.000000,-0.000002,-1.000000,0.000000,
              0.186896,0.982380,-0.000002,0.000000,
              0.000000,0.082672,0.000000,1.000000,
            }
          } //End of Knochen_Bone_L_003
        } //End of Knochen_Bone_L_002
      } //End of Knochen_Bone_L_001
    } //End of Knochen_Bone_L
    Frame Knochen_Bone_R {
      FrameTransformMatrix {
        -0.707107,0.149839,0.691048,0.000000,
        -0.707106,-0.149839,-0.691049,0.000000,
        0.000000,-0.977291,0.211905,0.000000,
        0.000000,0.848462,-0.000000,1.000000,
      }
      Frame Knochen_Bone_R_001 {
        FrameTransformMatrix {
          0.881161,0.472816,-0.000000,0.000000,
          -0.472816,0.881161,0.000000,0.000000,
          0.000000,-0.000000,1.000000,0.000000,
          -0.000000,0.054907,0.000000,1.000000,
        }
        Frame Knochen_Bone_R_002 {
          FrameTransformMatrix {
            0.994502,0.104722,-0.000000,0.000000,
            -0.104722,0.994502,0.000000,0.000000,
            0.000000,0.000000,1.000000,0.000000,
            -0.000000,0.052138,-0.000000,1.000000,
          }
          Frame Knochen_Bone_R_003 {
            FrameTransformMatrix {
              0.982380,0.186894,-0.000000,0.000000,
              0.000000,-0.000002,-1.000000,0.000000,
              -0.186894,0.982380,-0.000002,0.000000,
              0.000000,0.082672,0.000000,1.000000,
            }
          } //End of Knochen_Bone_R_003
        } //End of Knochen_Bone_R_002
      } //End of Knochen_Bone_R_001
    } //End of Knochen_Bone_R
  } //End of Knochen_MASTER
} //End of Knochen
Frame Cube {
  FrameTransformMatrix {
    -0.949473,-0.011022,0.313656,0.000000,
    0.257639,0.543346,0.798997,0.000000,
    -0.179231,0.839436,-0.513053,0.000000,
    0.000000,0.000000,0.000000,1.000000;;
  }
  Mesh { //Cube Mesh
    0;
    0;
    MeshNormals { //Mesh Normals
      0;
      0;
    } //End of Mesh Normals
    MeshMaterialList { //Mesh Material List
      1;
      1;
      0;;
      Material DefaultMaterial {
        1.000000;1.000000;1.000000;1.000000;;
        1.500000;
        1.000000;1.000000;1.000000;;
        0.000000;0.000000;0.000000;;
      }
    } //End of Mesh Material List
  } //End of Cube Mesh
} //End of Cube
Frame mesh02_default00 {
  FrameTransformMatrix {
    -0.002500,-0.000000,-0.000000,0.000000,
    0.000000,0.002500,-0.000000,0.000000,
    0.000000,-0.000000,-0.002500,0.000000,
    0.000000,-0.000000,-0.009028,1.000000;;
  }
  Mesh { //mesh02_default00 Mesh
    218;
    -3.353893;173.935944;0.935844;,
    0.095029;173.935944;1.859886;,
    0.095029;175.307922;-5.038002;,
    0.095029;173.935944;-11.935829;,
    -3.353893;173.935944;-11.011757;,
    0.095029;175.307922;-5.038002;,
    0.095029;170.028503;7.707512;,
    -6.277696;170.028503;6.000237;,
    -8.231411;164.180603;9.383904;,
    0.095029;164.180603;11.614922;,
    -5.879045;173.935944;-1.589027;,
    -6.803092;173.935944;-5.038002;,
    -12.650698;170.028503;-5.038002;,
    -10.942887;170.028503;1.335045;,
    6.993161;173.935944;-5.038002;,
    6.068573;173.935944;-8.486946;,
    0.095029;175.307922;-5.038002;,
    6.068573;173.935944;-1.589027;,
    0.095029;175.307922;-5.038002;,
    6.068573;173.935944;-8.486946;,
    3.544016;173.935944;-11.011757;,
    0.095029;173.935944;-11.935829;,
    0.095029;175.307922;-5.038002;,
    -3.353893;173.935944;-11.011757;,
    -5.879045;173.935944;-8.486946;,
    -6.803092;173.935944;-5.038002;,
    0.095029;175.307922;-5.038002;,
    -6.803092;173.935944;-5.038002;,
    -5.879045;173.935944;-1.589027;,
    -3.353893;173.935944;0.935844;,
    0.095029;175.307922;-5.038002;,
    0.095029;173.935944;1.859886;,
    3.544017;173.935944;0.935844;,
    6.068573;173.935944;-1.589027;,
    6.068573;173.935944;-8.486946;,
    6.993161;173.935944;-5.038002;,
    12.840766;170.028503;-5.038002;,
    11.132958;170.028503;-11.410957;,
    3.544016;173.935944;-11.011757;,
    6.068573;173.935944;-8.486946;,
    11.132958;170.028503;-11.410957;,
    6.467764;170.028503;-16.076149;,
    0.095029;173.935944;-11.935829;,
    3.544016;173.935944;-11.011757;,
    6.467764;170.028503;-16.076149;,
    0.095029;170.028503;-17.783943;,
    -3.353893;173.935944;-11.011757;,
    0.095029;173.935944;-11.935829;,
    0.095029;170.028503;-17.783943;,
    -6.277697;170.028503;-16.076149;,
    -5.879045;173.935944;-8.486946;,
    -3.353893;173.935944;-11.011757;,
    -6.277697;170.028503;-16.076149;,
    -10.942887;170.028503;-11.410957;,
    -6.803092;173.935944;-5.038002;,
    -5.879045;173.935944;-8.486946;,
    -10.942887;170.028503;-11.410957;,
    -12.650698;170.028503;-5.038002;,
    -3.353893;173.935944;0.935844;,
    -5.879045;173.935944;-1.589027;,
    -10.942887;170.028503;1.335045;,
    -6.277696;170.028503;6.000237;,
    0.095029;173.935944;1.859886;,
    -3.353893;173.935944;0.935844;,
    -6.277696;170.028503;6.000237;,
    0.095029;170.028503;7.707512;,
    3.544017;173.935944;0.935844;,
    0.095029;173.935944;1.859886;,
    0.095029;170.028503;7.707512;,
    6.467765;170.028503;6.000237;,
    6.068573;173.935944;-1.589027;,
    3.544017;173.935944;0.935844;,
    6.467765;170.028503;6.000237;,
    11.132958;170.028503;1.335045;,
    6.993161;173.935944;-5.038002;,
    6.068573;173.935944;-1.589027;,
    11.132958;170.028503;1.335045;,
    12.840766;170.028503;-5.038002;,
    11.132958;170.028503;-11.410957;,
    12.840766;170.028503;-5.038002;,
    16.748194;164.180603;-5.038002;,
    14.517159;164.180603;-13.364662;,
    6.467764;170.028503;-16.076149;,
    11.132958;170.028503;-11.410957;,
    14.517159;164.180603;-13.364662;,
    8.421480;164.180603;-19.459816;,
    0.095029;170.028503;-17.783943;,
    6.467764;170.028503;-16.076149;,
    8.421480;164.180603;-19.459816;,
    0.095028;164.180603;-21.690834;,
    -6.277697;170.028503;-16.076149;,
    0.095029;170.028503;-17.783943;,
    0.095028;164.180603;-21.690834;,
    -8.231412;164.180603;-19.459816;,
    -10.942887;170.028503;-11.410957;,
    -6.277697;170.028503;-16.076149;,
    -8.231412;164.180603;-19.459816;,
    -14.327090;164.180603;-13.364662;,
    -12.650698;170.028503;-5.038002;,
    -10.942887;170.028503;-11.410957;,
    -14.327090;164.180603;-13.364662;,
    -16.558128;164.180603;-5.038002;,
    -10.942887;170.028503;1.335045;,
    -12.650698;170.028503;-5.038002;,
    -16.558128;164.180603;-5.038002;,
    -14.327089;164.180603;3.288231;,
    -6.277696;170.028503;6.000237;,
    -10.942887;170.028503;1.335045;,
    -14.327089;164.180603;3.288231;,
    -8.231411;164.180603;9.383904;,
    6.467765;170.028503;6.000237;,
    0.095029;170.028503;7.707512;,
    0.095029;164.180603;11.614922;,
    8.421481;164.180603;9.383904;,
    11.132958;170.028503;1.335045;,
    6.467765;170.028503;6.000237;,
    8.421481;164.180603;9.383904;,
    14.517160;164.180603;3.288231;,
    12.840766;170.028503;-5.038002;,
    11.132958;170.028503;1.335045;,
    14.517160;164.180603;3.288231;,
    16.748194;164.180603;-5.038002;,
    14.517159;164.180603;-13.364662;,
    16.748194;164.180603;-5.038002;,
    18.120184;157.282608;-5.038001;,
    15.704987;157.282608;-14.050422;,
    8.421480;164.180603;-19.459816;,
    14.517159;164.180603;-13.364662;,
    15.704987;157.282608;-14.050422;,
    9.107746;157.282608;-20.648201;,
    0.095028;164.180603;-21.690834;,
    8.421480;164.180603;-19.459816;,
    9.107746;157.282608;-20.648201;,
    0.095028;157.282608;-23.063362;,
    -8.231412;164.180603;-19.459816;,
    0.095028;164.180603;-21.690834;,
    0.095028;157.282608;-23.063362;,
    -8.917677;157.282608;-20.648201;,
    -14.327090;164.180603;-13.364662;,
    -8.231412;164.180603;-19.459816;,
    -8.917677;157.282608;-20.648201;,
    -15.515461;157.282608;-14.050422;,
    -16.558128;164.180603;-5.038002;,
    -14.327090;164.180603;-13.364662;,
    -15.515461;157.282608;-14.050422;,
    -17.930117;157.282608;-5.038001;,
    -14.327089;164.180603;3.288231;,
    -16.558128;164.180603;-5.038002;,
    -17.930117;157.282608;-5.038001;,
    -15.515460;157.282608;3.974480;,
    -8.231411;164.180603;9.383904;,
    -14.327089;164.180603;3.288231;,
    -15.515460;157.282608;3.974480;,
    -8.917676;157.282608;10.572259;,
    0.095029;164.180603;11.614922;,
    -8.231411;164.180603;9.383904;,
    -8.917676;157.282608;10.572259;,
    0.095029;157.282608;12.986932;,
    8.421481;164.180603;9.383904;,
    0.095029;164.180603;11.614922;,
    0.095029;157.282608;12.986932;,
    9.107746;157.282608;10.572259;,
    14.517160;164.180603;3.288231;,
    8.421481;164.180603;9.383904;,
    9.107746;157.282608;10.572259;,
    15.704988;157.282608;3.974480;,
    16.748194;164.180603;-5.038002;,
    14.517160;164.180603;3.288231;,
    15.704988;157.282608;3.974480;,
    18.120184;157.282608;-5.038001;,
    15.704987;157.282608;-14.050422;,
    18.120184;157.282608;-5.038001;,
    16.748737;155.096420;-5.037940;,
    14.517699;155.096420;-13.364661;,
    9.107746;157.282608;-20.648201;,
    15.704987;157.282608;-14.050422;,
    14.517699;155.096420;-13.364661;,
    8.422564;155.096420;-19.459816;,
    0.095028;157.282608;-23.063362;,
    9.107746;157.282608;-20.648201;,
    8.422564;155.096420;-19.459816;,
    0.095846;155.096420;-21.690834;,
    -8.917677;157.282608;-20.648201;,
    0.095028;157.282608;-23.063362;,
    0.095846;155.096420;-21.690834;,
    -8.230870;155.096420;-19.459816;,
    -15.515461;157.282608;-14.050422;,
    -8.917677;157.282608;-20.648201;,
    -8.230870;155.096420;-19.459816;,
    -14.326008;155.096420;-13.364661;,
    -17.930117;157.282608;-5.038001;,
    -15.515461;157.282608;-14.050422;,
    -14.326008;155.096420;-13.364661;,
    -16.557045;155.096420;-5.037940;,
    -15.515460;157.282608;3.974480;,
    -17.930117;157.282608;-5.038001;,
    -16.557045;155.096420;-5.037940;,
    -14.326006;155.096420;3.288751;,
    -8.917676;157.282608;10.572259;,
    -15.515460;157.282608;3.974480;,
    -14.326006;155.096420;3.288751;,
    -8.230869;155.096420;9.383904;,
    0.095029;157.282608;12.986932;,
    -8.917676;157.282608;10.572259;,
    -8.230869;155.096420;9.383904;,
    0.095847;155.096420;11.614923;,
    9.107746;157.282608;10.572259;,
    0.095029;157.282608;12.986932;,
    0.095847;155.096420;11.614923;,
    8.422565;155.096420;9.383904;,
    15.704988;157.282608;3.974480;,
    9.107746;157.282608;10.572259;,
    8.422565;155.096420;9.383904;,
    14.517701;155.096420;3.288751;,
    18.120184;157.282608;-5.038001;,
    15.704988;157.282608;3.974480;,
    14.517701;155.096420;3.288751;,
    16.748737;155.096420;-5.037940;;
    55;
    3;0;1;2;,
    3;3;4;5;,
    4;6;7;8;9;,
    4;10;11;12;13;,
    4;14;15;16;17;,
    4;18;19;20;21;,
    4;22;23;24;25;,
    4;26;27;28;29;,
    4;30;31;32;33;,
    4;34;35;36;37;,
    4;38;39;40;41;,
    4;42;43;44;45;,
    4;46;47;48;49;,
    4;50;51;52;53;,
    4;54;55;56;57;,
    4;58;59;60;61;,
    4;62;63;64;65;,
    4;66;67;68;69;,
    4;70;71;72;73;,
    4;74;75;76;77;,
    4;78;79;80;81;,
    4;82;83;84;85;,
    4;86;87;88;89;,
    4;90;91;92;93;,
    4;94;95;96;97;,
    4;98;99;100;101;,
    4;102;103;104;105;,
    4;106;107;108;109;,
    4;110;111;112;113;,
    4;114;115;116;117;,
    4;118;119;120;121;,
    4;122;123;124;125;,
    4;126;127;128;129;,
    4;130;131;132;133;,
    4;134;135;136;137;,
    4;138;139;140;141;,
    4;142;143;144;145;,
    4;146;147;148;149;,
    4;150;151;152;153;,
    4;154;155;156;157;,
    4;158;159;160;161;,
    4;162;163;164;165;,
    4;166;167;168;169;,
    4;170;171;172;173;,
    4;174;175;176;177;,
    4;178;179;180;181;,
    4;182;183;184;185;,
    4;186;187;188;189;,
    4;190;191;192;193;,
    4;194;195;196;197;,
    4;198;199;200;201;,
    4;202;203;204;205;,
    4;206;207;208;209;,
    4;210;211;212;213;,
    4;214;215;216;217;;
    MeshNormals { //Mesh Normals
      218;
      -0.198065;0.926542;0.319773;,
      0.011628;0.926542;0.375957;,
      -0.007569;0.999969;-0.000000;,
      0.011628;0.926542;-0.375958;,
      -0.198065;0.926542;-0.319742;,
      -0.007569;0.999969;-0.000000;,
      0.000000;0.707999;0.706168;,
      -0.353069;0.707999;0.611560;,
      -0.461745;0.383496;0.799799;,
      0.000000;0.383496;0.923521;,
      -0.382855;0.896939;0.221046;,
      -0.370128;0.928953;-0.000000;,
      -0.706168;0.708029;-0.000000;,
      -0.611560;0.707999;0.353069;,
      0.442091;0.896939;-0.000000;,
      0.320536;0.928953;-0.185064;,
      -0.007569;0.999969;-0.000000;,
      0.320536;0.928953;0.185064;,
      -0.007569;0.999969;-0.000000;,
      0.320536;0.928953;-0.185064;,
      0.221046;0.896939;-0.382855;,
      0.011628;0.926542;-0.375958;,
      -0.007569;0.999969;-0.000000;,
      -0.198065;0.926542;-0.319742;,
      -0.382855;0.896939;-0.221046;,
      -0.370128;0.928953;-0.000000;,
      -0.007569;0.999969;-0.000000;,
      -0.370128;0.928953;-0.000000;,
      -0.382855;0.896939;0.221046;,
      -0.198065;0.926542;0.319773;,
      -0.007569;0.999969;-0.000000;,
      0.011628;0.926542;0.375957;,
      0.221046;0.896939;0.382855;,
      0.320536;0.928953;0.185064;,
      0.320536;0.928953;-0.185064;,
      0.442091;0.896939;-0.000000;,
      0.706168;0.708029;-0.000000;,
      0.611530;0.708029;-0.353069;,
      0.221046;0.896939;-0.382855;,
      0.320536;0.928953;-0.185064;,
      0.611530;0.708029;-0.353069;,
      0.353069;0.707999;-0.611560;,
      0.011628;0.926542;-0.375958;,
      0.221046;0.896939;-0.382855;,
      0.353069;0.707999;-0.611560;,
      0.000000;0.707999;-0.706168;,
      -0.198065;0.926542;-0.319742;,
      0.011628;0.926542;-0.375958;,
      0.000000;0.707999;-0.706168;,
      -0.353069;0.707999;-0.611560;,
      -0.382855;0.896939;-0.221046;,
      -0.198065;0.926542;-0.319742;,
      -0.353069;0.707999;-0.611560;,
      -0.611560;0.708029;-0.353099;,
      -0.370128;0.928953;-0.000000;,
      -0.382855;0.896939;-0.221046;,
      -0.611560;0.708029;-0.353099;,
      -0.706168;0.708029;-0.000000;,
      -0.198065;0.926542;0.319773;,
      -0.382855;0.896939;0.221046;,
      -0.611560;0.707999;0.353069;,
      -0.353069;0.707999;0.611560;,
      0.011628;0.926542;0.375957;,
      -0.198065;0.926542;0.319773;,
      -0.353069;0.707999;0.611560;,
      0.000000;0.707999;0.706168;,
      0.221046;0.896939;0.382855;,
      0.011628;0.926542;0.375957;,
      0.000000;0.707999;0.706168;,
      0.353069;0.708029;0.611560;,
      0.320536;0.928953;0.185064;,
      0.221046;0.896939;0.382855;,
      0.353069;0.708029;0.611560;,
      0.611560;0.708029;0.353069;,
      0.442091;0.896939;-0.000000;,
      0.320536;0.928953;0.185064;,
      0.611560;0.708029;0.353069;,
      0.706168;0.708029;-0.000000;,
      0.611530;0.708029;-0.353069;,
      0.706168;0.708029;-0.000000;,
      0.923521;0.383496;-0.000000;,
      0.799799;0.383496;-0.461776;,
      0.353069;0.707999;-0.611560;,
      0.611530;0.708029;-0.353069;,
      0.799799;0.383496;-0.461776;,
      0.461745;0.383496;-0.799799;,
      0.000000;0.707999;-0.706168;,
      0.353069;0.707999;-0.611560;,
      0.461745;0.383496;-0.799799;,
      0.000000;0.383496;-0.923521;,
      -0.353069;0.707999;-0.611560;,
      0.000000;0.707999;-0.706168;,
      0.000000;0.383496;-0.923521;,
      -0.461745;0.383496;-0.799799;,
      -0.611560;0.708029;-0.353099;,
      -0.353069;0.707999;-0.611560;,
      -0.461745;0.383496;-0.799799;,
      -0.799768;0.383526;-0.461745;,
      -0.706168;0.708029;-0.000000;,
      -0.611560;0.708029;-0.353099;,
      -0.799768;0.383526;-0.461745;,
      -0.923521;0.383526;-0.000000;,
      -0.611560;0.707999;0.353069;,
      -0.706168;0.708029;-0.000000;,
      -0.923521;0.383526;-0.000000;,
      -0.799799;0.383526;0.461745;,
      -0.353069;0.707999;0.611560;,
      -0.611560;0.707999;0.353069;,
      -0.799799;0.383526;0.461745;,
      -0.461745;0.383496;0.799799;,
      0.353069;0.708029;0.611560;,
      0.000000;0.707999;0.706168;,
      0.000000;0.383496;0.923521;,
      0.461745;0.383496;0.799799;,
      0.611560;0.708029;0.353069;,
      0.353069;0.708029;0.611560;,
      0.461745;0.383496;0.799799;,
      0.799799;0.383496;0.461745;,
      0.706168;0.708029;-0.000000;,
      0.611560;0.708029;0.353069;,
      0.799799;0.383496;0.461745;,
      0.923521;0.383496;-0.000000;,
      0.799799;0.383496;-0.461776;,
      0.923521;0.383496;-0.000000;,
      0.983184;-0.182531;0.000000;,
      0.851466;-0.182562;-0.491592;,
      0.461745;0.383496;-0.799799;,
      0.799799;0.383496;-0.461776;,
      0.851466;-0.182562;-0.491592;,
      0.491592;-0.182592;-0.851436;,
      0.000000;0.383496;-0.923521;,
      0.461745;0.383496;-0.799799;,
      0.491592;-0.182592;-0.851436;,
      0.000000;-0.182684;-0.983154;,
      -0.461745;0.383496;-0.799799;,
      0.000000;0.383496;-0.923521;,
      0.000000;-0.182684;-0.983154;,
      -0.491562;-0.182745;-0.851436;,
      -0.799768;0.383526;-0.461745;,
      -0.461745;0.383496;-0.799799;,
      -0.491562;-0.182745;-0.851436;,
      -0.851405;-0.182806;-0.491562;,
      -0.923521;0.383526;-0.000000;,
      -0.799768;0.383526;-0.461745;,
      -0.851405;-0.182806;-0.491562;,
      -0.983123;-0.182836;0.000000;,
      -0.799799;0.383526;0.461745;,
      -0.923521;0.383526;-0.000000;,
      -0.983123;-0.182836;0.000000;,
      -0.851405;-0.182806;0.491562;,
      -0.461745;0.383496;0.799799;,
      -0.799799;0.383526;0.461745;,
      -0.851405;-0.182806;0.491562;,
      -0.491562;-0.182714;0.851436;,
      0.000000;0.383496;0.923521;,
      -0.461745;0.383496;0.799799;,
      -0.491562;-0.182714;0.851436;,
      0.000000;-0.182653;0.983154;,
      0.461745;0.383496;0.799799;,
      0.000000;0.383496;0.923521;,
      0.000000;-0.182653;0.983154;,
      0.491592;-0.182592;0.851436;,
      0.799799;0.383496;0.461745;,
      0.461745;0.383496;0.799799;,
      0.491592;-0.182592;0.851436;,
      0.851466;-0.182531;0.491592;,
      0.923521;0.383496;-0.000000;,
      0.799799;0.383496;0.461745;,
      0.851466;-0.182531;0.491592;,
      0.983184;-0.182531;0.000000;,
      0.851466;-0.182562;-0.491592;,
      0.983184;-0.182531;0.000000;,
      0.847133;-0.531327;0.000000;,
      0.733634;-0.531358;-0.423536;,
      0.491592;-0.182592;-0.851436;,
      0.851466;-0.182562;-0.491592;,
      0.733634;-0.531358;-0.423536;,
      0.423536;-0.531480;-0.733543;,
      0.000000;-0.182684;-0.983154;,
      0.491592;-0.182592;-0.851436;,
      0.423536;-0.531480;-0.733543;,
      0.000000;-0.531663;-0.846950;,
      -0.491562;-0.182745;-0.851436;,
      0.000000;-0.182684;-0.983154;,
      0.000000;-0.531663;-0.846950;,
      -0.423444;-0.531724;-0.733421;,
      -0.851405;-0.182806;-0.491562;,
      -0.491562;-0.182745;-0.851436;,
      -0.423444;-0.531724;-0.733421;,
      -0.733390;-0.531816;-0.423414;,
      -0.983123;-0.182836;0.000000;,
      -0.851405;-0.182806;-0.491562;,
      -0.733390;-0.531816;-0.423414;,
      -0.846797;-0.531877;0.000000;,
      -0.851405;-0.182806;0.491562;,
      -0.983123;-0.182836;0.000000;,
      -0.846797;-0.531877;0.000000;,
      -0.733390;-0.531816;0.423414;,
      -0.491562;-0.182714;0.851436;,
      -0.851405;-0.182806;0.491562;,
      -0.733390;-0.531816;0.423414;,
      -0.423444;-0.531693;0.733451;,
      0.000000;-0.182653;0.983154;,
      -0.491562;-0.182714;0.851436;,
      -0.423444;-0.531693;0.733451;,
      0.000000;-0.531571;0.846980;,
      0.491592;-0.182592;0.851436;,
      0.000000;-0.182653;0.983154;,
      0.000000;-0.531571;0.846980;,
      0.423536;-0.531449;0.733573;,
      0.851466;-0.182531;0.491592;,
      0.491592;-0.182592;0.851436;,
      0.423536;-0.531449;0.733573;,
      0.733634;-0.531358;0.423536;,
      0.983184;-0.182531;0.000000;,
      0.851466;-0.182531;0.491592;,
      0.733634;-0.531358;0.423536;,
      0.847133;-0.531327;0.000000;;
      55;
      3;0;1;2;,
      3;3;4;5;,
      4;6;7;8;9;,
      4;10;11;12;13;,
      4;14;15;16;17;,
      4;18;19;20;21;,
      4;22;23;24;25;,
      4;26;27;28;29;,
      4;30;31;32;33;,
      4;34;35;36;37;,
      4;38;39;40;41;,
      4;42;43;44;45;,
      4;46;47;48;49;,
      4;50;51;52;53;,
      4;54;55;56;57;,
      4;58;59;60;61;,
      4;62;63;64;65;,
      4;66;67;68;69;,
      4;70;71;72;73;,
      4;74;75;76;77;,
      4;78;79;80;81;,
      4;82;83;84;85;,
      4;86;87;88;89;,
      4;90;91;92;93;,
      4;94;95;96;97;,
      4;98;99;100;101;,
      4;102;103;104;105;,
      4;106;107;108;109;,
      4;110;111;112;113;,
      4;114;115;116;117;,
      4;118;119;120;121;,
      4;122;123;124;125;,
      4;126;127;128;129;,
      4;130;131;132;133;,
      4;134;135;136;137;,
      4;138;139;140;141;,
      4;142;143;144;145;,
      4;146;147;148;149;,
      4;150;151;152;153;,
      4;154;155;156;157;,
      4;158;159;160;161;,
      4;162;163;164;165;,
      4;166;167;168;169;,
      4;170;171;172;173;,
      4;174;175;176;177;,
      4;178;179;180;181;,
      4;182;183;184;185;,
      4;186;187;188;189;,
      4;190;191;192;193;,
      4;194;195;196;197;,
      4;198;199;200;201;,
      4;202;203;204;205;,
      4;206;207;208;209;,
      4;210;211;212;213;,
      4;214;215;216;217;;
    } //End of Mesh Normals
    MeshMaterialList { //Mesh Material List
      1;
      55;
      0,
      0,
      0,
      0,
      0,
      0,
      0,
      0,
      0,
      0,
      0,
      0,
      0,
      0,
      0,
      0,
      0,
      0,
      0,
      0,
      0,
      0,
      0,
      0,
      0,
      0,
      0,
      0,
      0,
      0,
      0,
      0,
      0,
      0,
      0,
      0,
      0,
      0,
      0,
      0,
      0,
      0,
      0,
      0,
      0,
      0,
      0,
      0,
      0,
      0,
      0,
      0,
      0,
      0,
      0;;
      Material MSpielerfarbe {
        0.070588;0.121569;0.898039;1.000000;;
        1.500000;
        1.000000;1.000000;1.000000;;
        0.000000;0.000000;0.000000;;
      }
    } //End of Mesh Material List
    MeshTextureCoords { //Mesh UV Coordinates
      218;
      0.881873;0.191814;,
      0.903984;0.185890;,
      0.903984;0.230113;,
      0.903984;0.274335;,
      0.881873;0.268411;,
      0.903984;0.230113;,
      0.667785;0.162462;,
      0.687044;0.162462;,
      0.687045;0.207619;,
      0.667785;0.207619;,
      0.865684;0.208001;,
      0.859760;0.230113;,
      0.822271;0.230113;,
      0.833220;0.189255;,
      0.948208;0.230113;,
      0.942280;0.252224;,
      0.903984;0.230113;,
      0.942280;0.208001;,
      0.903984;0.230113;,
      0.942280;0.252224;,
      0.926095;0.268411;,
      0.903984;0.274335;,
      0.903984;0.230113;,
      0.881873;0.268411;,
      0.865684;0.252224;,
      0.859760;0.230113;,
      0.903984;0.230113;,
      0.859760;0.230113;,
      0.865684;0.208001;,
      0.881873;0.191814;,
      0.903984;0.230113;,
      0.903984;0.185890;,
      0.926095;0.191814;,
      0.942280;0.208001;,
      0.942280;0.252224;,
